HEADER888202103082021030921068
DATOS   0888R01666000000900014470000000014073434A3000057247385930008         00000085000000000000000000000000008448000  1012703310000000000000000000000000000000000073859300086012731032700000007                               210306 0000000000000000000000                  00000000
DATOS   0888R03845000000900034280000000014074415A3000057247385930026         00000167000000000000000000000000008541000  8412901220000000000000000000000000000000000073859300260012022012900000000                               210306 0000000000000000000000                  00000000
DATOS   0888R02698000000900057030000000014075152A3000057247385930068         00000189400000000000000000000000007045000  8823010260000000000000000000000000000000000073859300683210526103000000008                               210306 0000000000000000000000                  00000000
DATOS   0888R01722000000900016830000000014075198A3000057247385930029         00000171000000000000000000000000008534000  8362103120000000000000000000000000000000000073859300292969512032101710001                               210306 0000000000000000000000                  00000000
DATOS   0888R05210000000900057680000000014076593A3000057247385930068         00000189400000000000000000000000008438000  8843010260000000000000000000000000000000000073859300683207626103000000001                               210306 0000000000000000000000                  00000000
DATOS   0888R05161000000900057490000000014076658A3000057247385829565         00000230000000000000000000000000008429000  8323102080000000000000000000000000000000000073858295654793908023100000004                               210306 0000000000000000000000                  00000000
DATOS   0888R05325000000900057720000000014077374A3000057247385930068         00000189400000000000000000000000008466000  4103008050000000000000000000000000000000000073859300683066105083000000003                               210306 0000000000000000000000                  00000000
DATOS   0888R05150000000900057490000000014078060A3000057247385829565         00000160000000000000000000000000008429000  3253011040000000000000000000000000000000000073858295654482504113000000000                               210306 0000000000000000000000                  00000000
DATOS   0888R01930000000900058700000000014078085A3000057247385829565         00000175000000000000000000000000008565000  1003101120000000000000000000000000000000000073858295654789612013100000000                               210306 0000000000000000900000                  00000000
DATOS   0888R05336000000900058320000000014078625A3000057247385930026         00000180000000000000000000000000008538000  3003008060000000000000000000000000000000000073859300263087106083000000007                               210306 0000000000000000000000                  00000000
DATOS   0888R05337000000900058320000000014078631A3000057247385829565         00000175000000000000000000000000008538000  0223102080000000000000000000000000000000000073858295654801408023100000007                               210306 0000000000000000000000                  00000000
DATOS   0888R05387000000900058920000000014078650A3000057247385829565         00000175000000000000000000000000008587000  0723012020000000000000000000000000000000000073858295654779902123000000004                               210306 0000000000000000900000                  00000000
DATOS   0888R05337000000900058320000000014078937A3000057247385829565         00000160000000000000000000000000008538000  4663011040000000000000000000000000000000000073858295654500004113000000000                               210307 0000000000000000000000                  00000000
DATOS   0888R00023000000900003030000000014080938A3000057247385940150         00000205000000000000000000000000006432000  8773011270000000000000000000000000000000000073859401500685627113000000007                               210308 0000000000000000000000                  00000000
DATOS   0888R00675000000900009120000000014081368A3000057247385930017         00000109000000000000000000000000006730000  7552704180000000000000000000000000000000000073859300175077518042700000009                               210308 0000000000000000000000                  00000000
DATOS   0888R08100000000900059080000000014082199A3000057247385930068         00000270700000000000000000000000008602000  2973008050000000000000000000000000000000000073859300683086805083000000006                               210308 0000000000000000000000                  00000000
DATOS   0888R02049000000900058810000000014082559A3000057247385930007         00000095000000000000000000000000008576000  3792704170000000000000000000000000000000000073859300074026217042700000003                               210308 0000000000000000000000                  00000000
DATOS   0888R08100000000900059080000000014084026A3000057247385930068         00000189400000000000000000000000008602000  8013008050000000000000000000000000000000000073859300683088805083000000004                               210308 0000000000000000000000                  00000000
DATOS   0888R01040000000900012410000000014087995A3000057247385900319         00000148000000000000000000000000006592000  6412907220000000000000000000000000000000000073859003190231222072900000009                               210308 0000000000000000000000                  00000000
DATOS   0888R05210000000900057680000000014089857A3000057247385930068         00000189400000000000000000000000008438000  5233010260000000000000000000000000000000000073859300683217526103000000001                               210308 0000000000000000000000                  00000000
DATOS   0888R08100000000900059080000000014091373A3000057247385930068         00000270700000000000000000000000008602000  7733008050000000000000000000000000000000000073859300683068705083000000003                               210308 0000000000000000900000                  00000000
DATOS   0888R05318000000900058150000000014093459A3000057247385930068         00000154840000000000000000000000008499000  8692103200000000000000000000000000000000000073859300687073720032101548409                               210308 0000000000000000000000                  00000000
DATOS   0888R01287000000900008210000000014094572A3000057247385930030         00000113000000000000000000000000008457000  9413006090000000000000000000000000000000000073859300308485409063000000001                               210308 0000000000000000000000                  00000000
DATOS   0888R05381000000900058750000000014095731A3000057247385930068         00000189500000000000000000000000008576000  3113008050000000000000000000000000000000000073859300683049605083000000001                               210308 0000000000000000000000                  00000000
DATOS   0888R07000000000900070440000000014096828A3000057247385930016         00000190000000000000000000000000008501000  5483006180000000000000000000000000000000000073859300166746318063000000000                               210308 0000000000000000000000                  00000000
DATOS   0888R00089000000900003800000000014099773A3000057247385900302         00000177087000000000000000000000006514000  2822103160000000000000000000000000000000000073859003021884216032101770875                               210308 0000000000000000900000                  00000000
DATOS   0888R05295000000900058020000000014100846A3000057247385930068         00000189400000000000000000000000008487000  3633008050000000000000000000000000000000000073859300683091305083000000003                               210308 0000000000000000900000                  00000000
DATOS   0888R07016000000900070630000000014101058A3000057247385930102         00000184200000000000000000000000008551000  9933002260000000000000000000000000000000000073859301022160026023000000000                               210308 0000000000000000000000                  00000000
DATOS   0888R05338000000900058330000000014101871A3000057247385829565         00000245000000000000000000000000008510000  4813011040000000000000000000000000000000000073858295654636404113000000002                               210308 0000000000000000000000                  00000000
DATOS   0888R05338000000900058330000000014101874A3000057247385829565         00000175000000000000000000000000008510000  5623011040000000000000000000000000000000000073858295654636104113000000001                               210308 0000000000000000000000                  00000000
DATOS   0888R05319000000900057680000000014102618A3000057247385930068         00000039900000000000000000000000008438000  9513010080000000000000000000000000000000000073859300683117808103000000009                               210308 0000000000000000000000                  00000000
DATOS   0888R05389000000900058940000000014103372A3000057247385930068         00000261700000000000000000000000008593000  8633008050000000000000000000000000000000000073859300683079405083000000008                               210308 0000000000000000000000                  00000000
DATOS   0888R05338000000900058330000000014103694A3000057247385829565         00000245000000000000000000000000008510000  0713011040000000000000000000000000000000000073858295654428304113000000008                               210308 0000000000000000900000                  00000000
DATOS   0888R08128000000900059100000000014104254A3000057247385930023         00000280000000000000000000000000008605000  7323002030000000000000000000000000000000000073859300238195703023000000002                               210308 0000000000000000000000                  00000000
DATOS   0888R02049000000900058810000000014104629A3000057247385930009         00000215000000000000000000000000008576000  8333005120000000000000000000000000000000000073859300095286712053000000005                               210308 0000000000000000000000                  00000000
DATOS   0888R00450000000900010410000000014105290A3000057247385940150         00000170000000000000000000000000006447000  7993011240000000000000000000000000000000000073859401500546224113000000000                               210308 0000000000000000000000                  00000000
DATOS   0888R05144000000900057450000000014105412A3000057247385930023         00000123500000000000000000000000008315000  1912712130000000000000000000000000000000000073859300238035913122700000003                               210308 0000000000000000000000                  00000000
DATOS   0888R05338000000900058330000000014109430A3000057247385829565         00000160000000000000000000000000008510000  0253011040000000000000000000000000000000000073858295654472604113000000000                               210308 0000000000000000000000                  00000000
DATOS   0888R02694000000900057020000000014111188A3000057247385930023         00000215000000000000000000000000007045000  3523002030000000000000000000000000000000000073859300238265903023000000004                               210308 0000000000000000000000                  00000000
DATOS   0888R05298000000900057490000000014112612A3000057247385930026         00000210000000000000000000000000008429000  1422902260000000000000000000000000000000000073859300263037926022900000008                               210308 0000000000000000000000                  00000000
DATOS   0888R05298000000900057490000000014112616A3000057247385930068         00000257300000000000000000000000008429000  6203010080000000000000000000000000000000000073859300683102508103000000006                               210308 0000000000000000000000                  00000000
DATOS   0888R05334000000900058310000000014112929A3000057247385930023         00000275000000000000000000000000008525000  6353002030000000000000000000000000000000000073859300238294203023000000007                               210308 0000000000000000000000                  00000000
DATOS   0888R07000000000900070440000000014113588A3000057247385930016         00000300000000000000000000000000008501000  9052710300000000000000000000000000000000000073859300166374230102700000009                               210308 0000000000000000000000                  00000000
DATOS   0888R05338000000900058330000000014114846A3000057247385829565         00000160000000000000000000000000008510000  5373011040000000000000000000000000000000000073858295654414004113000000004                               210308 0000000000000000900000                  00000000
DATOS   0888R05347000000900058410000000014115111A3000057247385829565         00000369000000000000000000000000008534000  5823011040000000000000000000000000000000000073858295654579304113000000001                               210308 0000000000000000000000                  00000000
TRAILER00000047000000862282700000045